750	   
945	   
422	   
771	   
256	   
244	   
172	   
485	   
565	   
874	   
561	   
224	   
631	   
673	   
722	   
529	   
638	   
513	   
899	   
348	   
672	   
319	   
407	   
943	   
703	   
958	   
559	   
924	   
546	   
308	   
980	   
827	   
920	   
769	   
576	   
694	   
684	   
584	   
151	   
892	   
365	   
738	   
822	   
961	   
623	   
432	   
661	   
404	   
123	   
801	   
493	   
878	   
281	   
531	   
504	   
336	   
418	   
243	   
723	   
363	   
530	   
528	   
921	   
614	   
564	   
489	   
450	   
433	   
357	   
709	   
846	   
816	   
838	   
741	   
156	   
424	   
613	   
906	   
744	   
227	 