24	   
0	   
29	   
24	   
17	   
9	   
5	   
24	   
18	   
21	   
22	   
5	   
30	   
26	   
4	   
4	   
18	   
26	   
12	   
3	   
21	   
21	   
4	   
28	   
18	   
20	   
23	   
1	   
22	   
3	   
28	   
15	   
13	   
4	   
12	   
19	   
29	   
25	   
0	   
3	   
16	   
1	   
29	   
11	   
6	   
25	   
2	   
2	   
30	   
29	   
20	   
1	   
8	   
11	   
8	   
10	   
11	   
20	   
12	   
11	   
22	   
16	   
5	   
21	   
0	   
6	   
26	   
1	   
23	   
7	   
8	   
19	   
17	   
28	   
6	   
4	   
20	   
1	   
21	   
19	   
2	   
29	   
24	   
24	   
17	   
13	   
21	   
9	   
1	   
22	   
2	   
8	   
0	   
26	   
8	   
30	   
18	   
14	   
26	   
20	   
5	   
6	   
30	   
26	   
9	   
8	   
7	   
1	   
23	   
16	   
20	   
14	   
6	   
2	   
8	   
25	   
26	   
10	   
17	   
19	   
1	   
30	   
4	   
10	   
16	   
18	   
0	   
13	   
10	   
25	   
14	   
9	   
0	   
17	   
19	   
17	   
27	   
1	   
28	   
21	   
9	   
27	   
26	   
1	   
16	   
14	   
24	   
15	   
3	   
17	   
27	   
4	   
27	   
14	   
27	   
16	   
13	   
18	   
26	   
30	   
9	   
0	   
30	   
15	   
24	   
8	   
16	   
9	   
2	   
24	 