71	   
74	   
102	   
103	   
82	   
64	   
163	   
177	   
24	   
18	   
179	   
9	   
191	   
125	   
27	   
77	   
155	   
82	   
7	   
137	   
177	   
163	   
47	   
25	   
177	   
127	   
52	   
161	   
31	   
182	   
108	   
26	   
152	   
178	   
7	   
5	   
56	   
147	   
0	   
27	   
19	   
57	   
68	   
51	   
85	   
103	   
94	   
2	   
98	   
44	   
161	   
94	   
33	   
152	   
126	   
74	   
65	   
4	   
147	   
165	   
18	   
194	   
103	   
65	   
143	   
108	   
176	   
124	   
162	   
190	   
191	   
196	   
91	   
14	   
81	   
26	   
110	   
130	   
156	   
145	   
101	   
112	   
138	   
30	   
54	   
143	   
147	   
42	   
102	   
188	   
166	   
152	   
114	   
63	   
56	   
149	   
70	   
57	   
11	   
199	   
72	   
168	   
39	   
127	   
57	   
59	   
199	   
153	   
39	   
70	   
64	   
134	   
92	   
155	   
76	   
75	   
92	   
164	   
180	   
147	   
27	   
60	   
11	   
12	   
96	   
47	   
85	   
45	   
122	   
109	   
130	   
116	   
173	   
125	   
97	   
80	   
11	   
39	   
114	   
76	   
65	   
86	   
189	   
81	   
1	   
126	   
39	   
136	   
104	   
44	   
53	   
41	   
13	   
135	   
153	   
128	   
137	   
10	   
47	   
164	   
71	   
75	   
188	   
12	   
136	   
61	   
156	   
34	   
1	   
82	   
44	   
116	   
184	   
57	   
94	   
68	   
120	   
34	   
193	   
38	   
118	   
152	   
169	   
115	   
144	   
91	   
63	   
104	   
113	   
103	   
62	   
146	   
181	   
79	   
146	   
178	   
44	   
37	   
87	   
75	 