14	   
18	   
16	   
4	   
4	   
4	   
6	   
5	   
1	   
10	   
30	   
9	   
19	   
19	   
4	   
30	   
26	   
27	   
26	   
28	   
2	   
29	   
4	   
22	   
25	   
19	   
3	   
22	   
1	   
16	   
5	   
10	   
7	   
30	   
16	   
19	   
29	   
3	   
17	   
5	   
11	   
19	   
0	   
19	   
10	   
19	   
22	   
17	   
30	   
1	   
29	   
11	   
23	   
17	   
17	   
8	   
24	   
19	   
12	   
11	   
17	   
25	   
10	   
6	   
19	   
5	   
1	   
24	   
23	   
16	   
6	   
29	   
8	   
26	   
22	   
10	   
5	   
7	   
11	   
23	   
28	   
24	   
14	   
13	   
2	   
26	   
29	   
23	   
8	   
16	   
27	   
11	   
10	   
13	   
20	   
13	   
24	   
6	   
28	   
10	   
26	   
2	   
13	   
6	   
24	   
5	   
10	   
19	   
9	   
25	   
16	   
15	   
13	   
15	   
17	   
25	   
30	   
20	   
0	   
1	   
2	   
13	   
24	   
24	   
10	   
19	   
17	   
14	   
20	   
8	   
22	   
15	   
14	   
9	   
13	   
18	   
23	   
9	   
2	   
28	   
10	   
19	   
27	   
3	   
1	   
7	   
27	   
30	   
16	   
12	 