466	   
269	   
194	   
367	   
673	   
723	   
812	   
261	   
400	   
788	   
502	   
555	   
395	   
917	   
944	   
26	   
590	   
778	   
606	   
838	   
89	   
268	   
479	   
647	   
182	   
659	   
876	   
361	   
606	   
524	   
750	   
793	   
913	   
954	   
875	   
843	   
928	   
591	   
580	   
660	   
495	   
29	   
949	   
663	   
576	   
264	   
251	   
378	   
813	   
792	   
847	   
534	   
737	   
487	   
457	   
100	   
112	   
627	   
118	   
939	   
807	   
810	   
76	   
302	   
782	   
410	   
349	   
407	   
80	   
385	   
493	   
45	   
498	   
907	   
253	   
860	   
554	   
160	   
520	   
509	   
309	   
472	   
538	   
812	   
563	   
487	   
1000	   
294	   
768	   
758	   
276	   
940	   
999	   
968	   
663	   
326	   
83	   
787	   
342	   
261	   
856	   
374	   
296	   
837	   
139	   
387	   
725	   
479	   
329	   
511	   
486	   
25	   
239	   
47	   
168	   
691	   
16	   
258	   
699	   
696	 